,Aasu,Afao,Afono,Agugulu,Alao,Alega,Alofau,Amaluia,Amanave,Amaua,Amouli,Anua,Aoa,Aoloau,Asili,Atuu,Aua,Auasi,Aumi,Aunuu,Auto,Avaio,Fagaalu,Fagaitua,Fagalii,Fagamalo,Faganeanea,Fagasa,Fagatogo,Failolo,Faleniu,Fatumafuti,Futiga,Iliili,Laulii,Leloaloa,Leone,Malaeimi,Malaeloa_Aitulagi,Malaeloa_Ituau,Maloata,Mapusagafou,Masausi,Masefau,Matuu,Mesepa,Nua,Nuuuli,Onenoa,Pagai,Pago,Pavaiai,Poloa,Sailele,Seetaga,Tafuna,Taputimu,Tula,Utulei,Utumea East,Utumea West,Vailoatai,Vaitogi,Vatia
Aasu,0.0,6932.0,16146.0,9369.0,24718.0,15626.0,19807.0,5658.0,10419.0,17964.0,21481.0,11266.0,22701.0,2462.0,6049.0,11491.0,13762.0,23191.0,14448.0,24048.0,16955.0,16301.0,9129.0,19388.0,8256.0,4524.0,6927.0,5114.0,8996.0,9723.0,4335.0,9173.0,6016.0,6518.0,12974.0,12607.0,5889.0,3272.0,4236.0,5528.0,6420.0,2461.0,20815.0,18404.0,8055.0,3477.0,7418.0,5342.0,24627.0,20285.0,8936.0,3978.0,9789.0,21639.0,7994.0,6657.0,6951.0,25827.0,10077.0,23833.0,8765.0,8123.0,7636.0,14279.0
Afao,6932.0,0.0,23078.0,2437.0,31649.0,22558.0,26739.0,1366.0,3487.0,24896.0,28413.0,18198.0,29633.0,4470.0,883.0,18423.0,20694.0,30123.0,21380.0,30980.0,23887.0,23232.0,16061.0,26320.0,3593.0,2679.0,13859.0,12045.0,15928.0,2791.0,6759.0,16105.0,7936.0,8943.0,19906.0,19539.0,3634.0,8576.0,4442.0,5732.0,2619.0,5937.0,27746.0,25336.0,14987.0,6669.0,769.0,11073.0,31559.0,27216.0,15868.0,6402.0,3952.0,28571.0,1374.0,9081.0,6620.0,32758.0,17009.0,30765.0,1833.0,6477.0,10060.0,21211.0
Afono,16146.0,23078.0,0.0,25515.0,9136.0,2863.0,7176.0,21804.0,26565.0,3599.0,8224.0,4879.0,7325.0,18608.0,22195.0,4655.0,2384.0,8855.0,2495.0,13151.0,3559.0,3278.0,7017.0,4505.0,24402.0,20399.0,9219.0,11032.0,7150.0,25869.0,17407.0,6973.0,22162.0,18931.0,3172.0,3539.0,22035.0,14501.0,20382.0,21674.0,22566.0,17141.0,4669.0,2258.0,8091.0,16408.0,23564.0,12005.0,8481.0,5893.0,7210.0,19003.0,25935.0,5877.0,24140.0,15795.0,23097.0,9681.0,6069.0,9527.0,24911.0,24269.0,20047.0,3299.0
Agugulu,9369.0,2437.0,25515.0,0.0,34086.0,24995.0,29176.0,3711.0,1743.0,27333.0,30850.0,20635.0,32070.0,6907.0,3320.0,20860.0,23131.0,32560.0,23817.0,33417.0,26324.0,25669.0,18498.0,28757.0,1970.0,5116.0,16296.0,14482.0,18365.0,576.0,8382.0,18542.0,9559.0,10566.0,22343.0,21976.0,5257.0,11013.0,6065.0,7355.0,2948.0,8374.0,30183.0,27773.0,17424.0,9106.0,1951.0,13510.0,33996.0,29653.0,18305.0,8025.0,2329.0,31008.0,1374.0,10704.0,8243.0,35195.0,19446.0,33202.0,604.0,8100.0,11683.0,23648.0
Alao,24718.0,31649.0,9136.0,34086.0,0.0,9092.0,4910.0,30375.0,35136.0,6753.0,3236.0,13451.0,2017.0,27180.0,30766.0,13226.0,10956.0,1526.0,10270.0,4015.0,7762.0,8417.0,15589.0,5329.0,32973.0,28971.0,17790.0,19604.0,15721.0,34440.0,25979.0,15545.0,30734.0,27503.0,11744.0,12110.0,30606.0,23073.0,28954.0,30246.0,31138.0,25712.0,4586.0,7119.0,16662.0,24980.0,32135.0,20577.0,2002.0,4433.0,15782.0,27574.0,34507.0,3259.0,32712.0,24366.0,31668.0,1148.0,14641.0,885.0,33483.0,32841.0,28619.0,12435.0
Alega,15626.0,22558.0,2863.0,24995.0,9092.0,0.0,4314.0,21284.0,26045.0,2338.0,5856.0,5956.0,7075.0,18088.0,21675.0,5655.0,2835.0,7565.0,1178.0,10288.0,1329.0,675.0,6497.0,3762.0,23882.0,19879.0,8699.0,10512.0,6629.0,25349.0,16887.0,6453.0,21642.0,18411.0,2652.0,5106.0,21515.0,13981.0,19862.0,21154.0,22046.0,16620.0,5189.0,2778.0,7571.0,15888.0,23044.0,11485.0,9001.0,4659.0,7051.0,18482.0,25415.0,6013.0,23620.0,15275.0,22577.0,10201.0,5549.0,8207.0,24391.0,23749.0,19527.0,6161.0
Alofau,19807.0,26739.0,7176.0,29176.0,4910.0,4314.0,0.0,25465.0,30226.0,3577.0,1674.0,10270.0,2894.0,22269.0,25856.0,9968.0,7149.0,3384.0,5359.0,5974.0,3617.0,3899.0,10678.0,2672.0,28063.0,24060.0,12880.0,14694.0,10811.0,29530.0,21068.0,10634.0,25823.0,22593.0,6833.0,9419.0,25696.0,18163.0,24043.0,25335.0,26228.0,20802.0,2626.0,5159.0,11752.0,20070.0,27225.0,15666.0,4820.0,1283.0,11365.0,22664.0,29597.0,1832.0,27802.0,19456.0,26758.0,6019.0,9730.0,4026.0,28572.0,27931.0,23709.0,10475.0
Amaluia,5658.0,1366.0,21804.0,3711.0,30375.0,21284.0,25465.0,0.0,4761.0,23622.0,27139.0,16924.0,28359.0,3196.0,811.0,17149.0,19420.0,28849.0,20106.0,29706.0,22613.0,21958.0,14787.0,25046.0,4959.0,3465.0,12585.0,10771.0,14654.0,4065.0,5393.0,14831.0,6570.0,7577.0,18632.0,18265.0,2268.0,7303.0,3076.0,4367.0,3984.0,4663.0,26472.0,24062.0,13713.0,5395.0,2134.0,9799.0,30285.0,25942.0,14594.0,5036.0,5318.0,27297.0,2739.0,7715.0,5254.0,31484.0,15735.0,29491.0,3107.0,5111.0,8694.0,19937.0
Amanave,10419.0,3487.0,26565.0,1743.0,35136.0,26045.0,30226.0,4761.0,0.0,28383.0,31900.0,21685.0,33120.0,7957.0,4370.0,21910.0,24181.0,33610.0,24867.0,34467.0,27374.0,26719.0,19548.0,29807.0,2163.0,6166.0,17346.0,15532.0,19415.0,1167.0,10125.0,19592.0,11302.0,12308.0,23393.0,23026.0,6999.0,12063.0,7808.0,9098.0,3998.0,9424.0,31233.0,28823.0,18474.0,10156.0,3001.0,14560.0,35046.0,30703.0,19355.0,9768.0,629.0,32058.0,2424.0,12447.0,9985.0,36245.0,20495.0,34252.0,1788.0,9843.0,13426.0,24698.0
Amaua,17964.0,24896.0,3599.0,27333.0,6753.0,2338.0,3577.0,23622.0,28383.0,0.0,4625.0,6698.0,4736.0,20427.0,24013.0,6473.0,4202.0,5256.0,3517.0,9552.0,1009.0,1664.0,8835.0,1424.0,26220.0,22217.0,11037.0,12851.0,8968.0,27687.0,19226.0,8791.0,23980.0,20750.0,4990.0,5842.0,23853.0,16320.0,22201.0,23492.0,24385.0,18959.0,2850.0,1582.0,9909.0,18227.0,25382.0,13823.0,6663.0,2320.0,9028.0,20821.0,27754.0,3674.0,25959.0,17613.0,24915.0,7862.0,7888.0,5928.0,26729.0,26088.0,21866.0,6898.0
Amouli,21481.0,28413.0,8224.0,30850.0,3236.0,5856.0,1674.0,27139.0,31900.0,4625.0,0.0,11317.0,1219.0,23944.0,27530.0,11016.0,8196.0,1710.0,7034.0,4927.0,4665.0,5181.0,12353.0,3719.0,29737.0,25735.0,14554.0,16368.0,12485.0,31204.0,22743.0,12308.0,27498.0,24267.0,8508.0,10467.0,27370.0,19837.0,25718.0,27009.0,27902.0,22476.0,3674.0,6207.0,13426.0,21744.0,28899.0,17341.0,3146.0,2331.0,12545.0,24338.0,31271.0,2346.0,29476.0,21130.0,28432.0,4345.0,11405.0,2351.0,30246.0,29605.0,25383.0,11522.0
Anua,11266.0,18198.0,4879.0,20635.0,13451.0,5956.0,10270.0,16924.0,21685.0,6698.0,11317.0,0.0,11434.0,13729.0,17315.0,302.0,3121.0,11949.0,5589.0,16244.0,6653.0,6371.0,2712.0,8122.0,19522.0,15520.0,4339.0,6153.0,2270.0,20989.0,12528.0,4114.0,17283.0,14052.0,5064.0,1341.0,17155.0,9622.0,15503.0,16795.0,17687.0,12261.0,9548.0,7138.0,3211.0,11529.0,18684.0,7126.0,13361.0,9018.0,2331.0,14123.0,21056.0,10372.0,19261.0,10915.0,18217.0,14560.0,2167.0,12621.0,20032.0,19390.0,15168.0,3012.0
Aoa,22701.0,29633.0,7325.0,32070.0,2017.0,7075.0,2894.0,28359.0,33120.0,4736.0,1219.0,11434.0,0.0,25163.0,28750.0,11210.0,8939.0,1530.0,8253.0,5826.0,5745.0,6400.0,13572.0,3313.0,30957.0,26954.0,15773.0,17587.0,13704.0,32424.0,23962.0,13528.0,28717.0,25486.0,9727.0,10094.0,28590.0,21056.0,26937.0,28229.0,29121.0,23695.0,2774.0,5308.0,14646.0,22963.0,30119.0,18560.0,1926.0,2416.0,13765.0,25557.0,32490.0,1447.0,30695.0,22350.0,29652.0,3126.0,12624.0,2202.0,31466.0,30824.0,26602.0,10623.0
Aoloau,2462.0,4470.0,18608.0,6907.0,27180.0,18088.0,22269.0,3196.0,7957.0,20427.0,23944.0,13729.0,25163.0,0.0,3587.0,13953.0,16224.0,25653.0,16910.0,26510.0,19418.0,18763.0,11591.0,21850.0,5794.0,2346.0,9390.0,7576.0,11459.0,7261.0,6512.0,11635.0,7689.0,8696.0,15436.0,15069.0,3427.0,5450.0,4195.0,5485.0,3958.0,4638.0,23277.0,20866.0,10517.0,5655.0,4956.0,7520.0,27089.0,22747.0,11398.0,6155.0,7327.0,24101.0,5532.0,8834.0,6373.0,28289.0,12539.0,26295.0,6303.0,6230.0,9813.0,16741.0
Asili,6049.0,883.0,22195.0,3320.0,30766.0,21675.0,25856.0,811.0,4370.0,24013.0,27530.0,17315.0,28750.0,3587.0,0.0,17540.0,19811.0,29240.0,20497.0,30097.0,23004.0,22349.0,15178.0,25437.0,4148.0,2654.0,12976.0,11162.0,15045.0,3674.0,6204.0,15222.0,7381.0,8388.0,19023.0,18656.0,3079.0,7694.0,3887.0,5178.0,3173.0,5054.0,26863.0,24453.0,14104.0,5786.0,1369.0,10190.0,30676.0,26333.0,14985.0,5847.0,4507.0,27688.0,1945.0,8527.0,6065.0,31875.0,16126.0,29882.0,2716.0,5922.0,9506.0,20328.0
Atuu,11491.0,18423.0,4655.0,20860.0,13226.0,5655.0,9968.0,17149.0,21910.0,6473.0,11016.0,302.0,11210.0,13953.0,17540.0,0.0,2819.0,11700.0,5287.0,15943.0,6351.0,6070.0,2410.0,7897.0,19747.0,15744.0,4564.0,6377.0,2495.0,21214.0,12752.0,3812.0,17507.0,14276.0,4762.0,1116.0,17380.0,9846.0,15727.0,17019.0,17911.0,12486.0,9323.0,6913.0,3436.0,11754.0,18909.0,7350.0,13136.0,8794.0,2555.0,14348.0,21280.0,10148.0,19485.0,11140.0,18442.0,14336.0,1865.0,12342.0,20256.0,19614.0,15393.0,2788.0
Aua,13762.0,20694.0,2384.0,23131.0,10956.0,2835.0,7149.0,19420.0,24181.0,4202.0,8196.0,3121.0,8939.0,16224.0,19811.0,2819.0,0.0,9429.0,2468.0,13123.0,3532.0,3250.0,4633.0,5626.0,22018.0,18015.0,6835.0,8648.0,4766.0,23485.0,15023.0,4589.0,19778.0,16547.0,1943.0,2270.0,19651.0,12117.0,17998.0,19290.0,20182.0,14757.0,7053.0,4642.0,5707.0,14024.0,21180.0,9621.0,10865.0,6523.0,4826.0,16619.0,23551.0,7877.0,21756.0,13411.0,20713.0,12065.0,3685.0,10071.0,22527.0,21885.0,17663.0,3326.0
Auasi,23191.0,30123.0,8855.0,32560.0,1526.0,7565.0,3384.0,28849.0,33610.0,5256.0,1710.0,11949.0,1530.0,25653.0,29240.0,11700.0,9429.0,0.0,8743.0,4296.0,6236.0,6891.0,14062.0,4351.0,31447.0,27444.0,16264.0,18077.0,14195.0,32914.0,24452.0,14018.0,29207.0,25976.0,10217.0,11098.0,29080.0,21546.0,27427.0,28719.0,29611.0,24186.0,4305.0,6838.0,15136.0,23454.0,30609.0,19050.0,1721.0,2962.0,14255.0,26048.0,32980.0,2978.0,31185.0,22840.0,30142.0,2635.0,13114.0,672.0,31956.0,31314.0,27093.0,12154.0
Aumi,14448.0,21380.0,2495.0,23817.0,10270.0,1178.0,5359.0,20106.0,24867.0,3517.0,7034.0,5589.0,8253.0,16910.0,20497.0,5287.0,2468.0,8743.0,0.0,10655.0,2508.0,1853.0,5319.0,4940.0,22704.0,18701.0,7520.0,9334.0,5451.0,24171.0,15709.0,5275.0,20464.0,17233.0,1474.0,4738.0,20337.0,12803.0,18684.0,19976.0,20868.0,15442.0,6367.0,3956.0,6393.0,14710.0,21866.0,10307.0,10179.0,5837.0,6684.0,17304.0,24237.0,7191.0,22442.0,14097.0,21399.0,11379.0,4371.0,9385.0,23213.0,22571.0,18349.0,5794.0
Aunuu,24048.0,30980.0,13151.0,33417.0,4015.0,10288.0,5974.0,29706.0,34467.0,9552.0,4927.0,16244.0,5826.0,26510.0,30097.0,15943.0,13123.0,4296.0,10655.0,0.0,9592.0,9873.0,14919.0,8646.0,32304.0,28301.0,17121.0,18935.0,15123.0,33771.0,25309.0,14875.0,30064.0,26834.0,11181.0,15394.0,29937.0,22404.0,28284.0,29576.0,30469.0,25043.0,8601.0,11134.0,15993.0,24311.0,31466.0,19907.0,6016.0,7258.0,17339.0,26905.0,33838.0,7273.0,32043.0,23697.0,30999.0,5162.0,14077.0,3624.0,32813.0,32172.0,27950.0,16449.0
Auto,16955.0,23887.0,3559.0,26324.0,7762.0,1329.0,3617.0,22613.0,27374.0,1009.0,4665.0,6653.0,5745.0,19418.0,23004.0,6351.0,3532.0,6236.0,2508.0,9592.0,0.0,655.0,7826.0,2433.0,25211.0,21208.0,10028.0,11842.0,7959.0,26678.0,18217.0,7782.0,22971.0,19741.0,3981.0,5802.0,22844.0,15311.0,21192.0,22483.0,23376.0,17950.0,3859.0,1542.0,8900.0,17218.0,24373.0,12814.0,7672.0,3329.0,8019.0,19812.0,26745.0,4683.0,24950.0,16604.0,23906.0,8871.0,6879.0,6878.0,25720.0,25079.0,20857.0,6858.0
Avaio,16301.0,23232.0,3278.0,25669.0,8417.0,675.0,3899.0,21958.0,26719.0,1664.0,5181.0,6371.0,6400.0,18763.0,22349.0,6070.0,3250.0,6891.0,1853.0,9873.0,655.0,0.0,7172.0,3088.0,24556.0,20554.0,9373.0,11187.0,7304.0,26023.0,17562.0,7128.0,22317.0,19086.0,3327.0,5521.0,22189.0,14656.0,20537.0,21829.0,22721.0,17295.0,4514.0,2103.0,8245.0,16563.0,23718.0,12160.0,8327.0,3984.0,7466.0,19157.0,26090.0,5338.0,24295.0,15949.0,23251.0,9526.0,6224.0,7532.0,25066.0,24424.0,20202.0,6576.0
Fagaalu,9129.0,16061.0,7017.0,18498.0,15589.0,6497.0,10678.0,14787.0,19548.0,8835.0,12353.0,2712.0,13572.0,11591.0,15178.0,2410.0,4633.0,14062.0,5319.0,14919.0,7826.0,7172.0,0.0,10259.0,17385.0,13382.0,2202.0,4500.0,1591.0,18852.0,10390.0,1402.0,15145.0,11914.0,3845.0,3478.0,15018.0,7484.0,13365.0,14657.0,15549.0,10124.0,11686.0,9275.0,1074.0,9391.0,16547.0,4988.0,15498.0,11156.0,3807.0,11985.0,18918.0,12510.0,17123.0,8778.0,16080.0,16698.0,948.0,14704.0,17894.0,17252.0,13030.0,5150.0
Fagaitua,19388.0,26320.0,4505.0,28757.0,5329.0,3762.0,2672.0,25046.0,29807.0,1424.0,3719.0,8122.0,3313.0,21850.0,25437.0,7897.0,5626.0,4351.0,4940.0,8646.0,2433.0,3088.0,10259.0,0.0,27644.0,23641.0,12461.0,14274.0,10392.0,29111.0,20649.0,10215.0,25404.0,22173.0,6414.0,6781.0,25277.0,17743.0,23624.0,24916.0,25808.0,20383.0,1426.0,2488.0,11333.0,19651.0,26806.0,15247.0,5239.0,1388.0,10452.0,22245.0,29177.0,2251.0,27382.0,19037.0,26339.0,6439.0,9311.0,5022.0,28153.0,27511.0,23290.0,7803.0
Fagalii,8256.0,3593.0,24402.0,1970.0,32973.0,23882.0,28063.0,4959.0,2163.0,26220.0,29737.0,19522.0,30957.0,5794.0,4148.0,19747.0,22018.0,31447.0,22704.0,32304.0,25211.0,24556.0,17385.0,27644.0,0.0,4003.0,15183.0,13370.0,17252.0,1467.0,10352.0,17429.0,11529.0,12536.0,21230.0,20863.0,7227.0,9901.0,8035.0,9326.0,1836.0,8478.0,29070.0,26660.0,16311.0,9495.0,2825.0,12397.0,32883.0,28541.0,17192.0,9995.0,1533.0,29895.0,2220.0,12675.0,10213.0,34083.0,18333.0,32089.0,2015.0,10070.0,13654.0,22535.0
Fagamalo,4524.0,2679.0,20399.0,5116.0,28971.0,19879.0,24060.0,3465.0,6166.0,22217.0,25735.0,15520.0,26954.0,2346.0,2654.0,15744.0,18015.0,27444.0,18701.0,28301.0,21208.0,20554.0,13382.0,23641.0,4003.0,0.0,11181.0,9367.0,13250.0,5470.0,8858.0,13426.0,10035.0,11042.0,17227.0,16860.0,5733.0,7796.0,6542.0,7832.0,2167.0,6985.0,25068.0,22657.0,12308.0,8001.0,3165.0,9866.0,28880.0,24538.0,13189.0,8501.0,5536.0,25892.0,3741.0,11181.0,8719.0,30080.0,14330.0,28086.0,4512.0,8576.0,12160.0,18532.0
Faganeanea,6927.0,13859.0,9219.0,16296.0,17790.0,8699.0,12880.0,12585.0,17346.0,11037.0,14554.0,4339.0,15773.0,9390.0,12976.0,4564.0,6835.0,16264.0,7520.0,17121.0,10028.0,9373.0,2202.0,12461.0,15183.0,11181.0,0.0,4292.0,2069.0,16650.0,8189.0,2246.0,12943.0,9713.0,6046.0,5680.0,12816.0,5283.0,11164.0,12455.0,13348.0,7922.0,13887.0,11477.0,1128.0,7190.0,14345.0,2787.0,17700.0,13357.0,3599.0,9784.0,16717.0,14711.0,14922.0,6576.0,13878.0,18899.0,3149.0,16906.0,15692.0,15051.0,10829.0,7352.0
Fagasa,5114.0,12045.0,11032.0,14482.0,19604.0,10512.0,14694.0,10771.0,15532.0,12851.0,16368.0,6153.0,17587.0,7576.0,11162.0,6377.0,8648.0,18077.0,9334.0,18935.0,11842.0,11187.0,4500.0,14274.0,13370.0,9367.0,4292.0,0.0,3883.0,14837.0,6375.0,5902.0,11130.0,7899.0,7860.0,7493.0,11003.0,3469.0,9350.0,10642.0,11534.0,6108.0,15701.0,13290.0,4650.0,5376.0,12531.0,3337.0,19513.0,15171.0,3822.0,7970.0,14903.0,16525.0,13108.0,4762.0,12065.0,20713.0,4963.0,18719.0,13879.0,13237.0,9015.0,9165.0
Fagatogo,8996.0,15928.0,7150.0,18365.0,15721.0,6629.0,10811.0,14654.0,19415.0,8968.0,12485.0,2270.0,13704.0,11459.0,15045.0,2495.0,4766.0,14195.0,5451.0,15123.0,7959.0,7304.0,1591.0,10392.0,17252.0,13250.0,2069.0,3883.0,0.0,18719.0,10258.0,2993.0,15013.0,11782.0,3977.0,3611.0,14885.0,7352.0,13233.0,14524.0,15417.0,9991.0,11818.0,9408.0,1741.0,9259.0,16414.0,4856.0,15631.0,11288.0,2216.0,11853.0,18786.0,12642.0,16991.0,8645.0,15947.0,16830.0,1080.0,14836.0,17761.0,17120.0,12898.0,5282.0
Failolo,9723.0,2791.0,25869.0,576.0,34440.0,25349.0,29530.0,4065.0,1167.0,27687.0,31204.0,20989.0,32424.0,7261.0,3674.0,21214.0,23485.0,32914.0,24171.0,33771.0,26678.0,26023.0,18852.0,29111.0,1467.0,5470.0,16650.0,14837.0,18719.0,0.0,8958.0,18896.0,10135.0,11142.0,22697.0,22330.0,5833.0,11368.0,6641.0,7931.0,3303.0,8728.0,30537.0,28127.0,17778.0,9460.0,2305.0,13864.0,34350.0,30008.0,18659.0,8601.0,1753.0,31362.0,1729.0,11280.0,8819.0,35550.0,19800.0,33556.0,958.0,8676.0,12259.0,24002.0
Faleniu,4335.0,6759.0,17407.0,8382.0,25979.0,16887.0,21068.0,5393.0,10125.0,19226.0,22743.0,12528.0,23962.0,6512.0,6204.0,12752.0,15023.0,24452.0,15709.0,25309.0,18217.0,17562.0,10390.0,20649.0,10352.0,8858.0,8189.0,6375.0,10258.0,8958.0,0.0,10434.0,4755.0,2184.0,14235.0,13868.0,4628.0,2906.0,2975.0,4267.0,9378.0,1874.0,22076.0,19665.0,9316.0,999.0,7528.0,5402.0,25888.0,21546.0,10197.0,1595.0,10711.0,22900.0,8133.0,2322.0,5690.0,27088.0,11338.0,25094.0,8337.0,6862.0,3301.0,15540.0
Fatumafuti,9173.0,16105.0,6973.0,18542.0,15545.0,6453.0,10634.0,14831.0,19592.0,8791.0,12308.0,4114.0,13528.0,11635.0,15222.0,3812.0,4589.0,14018.0,5275.0,14875.0,7782.0,7128.0,1402.0,10215.0,17429.0,13426.0,2246.0,5902.0,2993.0,18896.0,10434.0,0.0,15189.0,11958.0,3801.0,3434.0,15062.0,7528.0,13409.0,14701.0,15593.0,10168.0,11642.0,9231.0,1252.0,9435.0,16591.0,5032.0,15454.0,11112.0,5209.0,12030.0,18962.0,12466.0,17167.0,8822.0,16124.0,16654.0,1947.0,14660.0,17938.0,17296.0,13074.0,5106.0
Futiga,6016.0,7936.0,22162.0,9559.0,30734.0,21642.0,25823.0,6570.0,11302.0,23980.0,27498.0,17283.0,28717.0,7689.0,7381.0,17507.0,19778.0,29207.0,20464.0,30064.0,22971.0,22317.0,15145.0,25404.0,11529.0,10035.0,12943.0,11130.0,15013.0,10135.0,4755.0,15189.0,0.0,3231.0,18990.0,18623.0,4302.0,7661.0,3494.0,2204.0,10555.0,5021.0,26831.0,24420.0,14071.0,5754.0,8705.0,10157.0,30643.0,26301.0,14952.0,3160.0,11888.0,27655.0,9310.0,6367.0,1316.0,31843.0,16093.0,29849.0,9514.0,2107.0,2124.0,20295.0
Iliili,6518.0,8943.0,18931.0,10566.0,27503.0,18411.0,22593.0,7577.0,12308.0,20750.0,24267.0,14052.0,25486.0,8696.0,8388.0,14276.0,16547.0,25976.0,17233.0,26834.0,19741.0,19086.0,11914.0,22173.0,12536.0,11042.0,9713.0,7899.0,11782.0,11142.0,2184.0,11958.0,3231.0,0.0,15759.0,15392.0,5309.0,4430.0,4501.0,3210.0,11561.0,4058.0,23600.0,21189.0,10841.0,3041.0,9711.0,6926.0,27412.0,23070.0,11721.0,2541.0,12895.0,24424.0,10316.0,3137.0,4166.0,28612.0,12862.0,26618.0,10521.0,5338.0,1118.0,17064.0
Laulii,12974.0,19906.0,3172.0,22343.0,11744.0,2652.0,6833.0,18632.0,23393.0,4990.0,8508.0,5064.0,9727.0,15436.0,19023.0,4762.0,1943.0,10217.0,1474.0,11181.0,3981.0,3327.0,3845.0,6414.0,21230.0,17227.0,6046.0,7860.0,3977.0,22697.0,14235.0,3801.0,18990.0,15759.0,0.0,4213.0,18863.0,11329.0,17210.0,18502.0,19394.0,13968.0,7841.0,5430.0,4919.0,13236.0,20392.0,8833.0,11653.0,7311.0,6158.0,15830.0,22763.0,8665.0,20968.0,12623.0,19925.0,12853.0,2897.0,10859.0,21739.0,21097.0,16875.0,5269.0
Leloaloa,12607.0,19539.0,3539.0,21976.0,12110.0,5106.0,9419.0,18265.0,23026.0,5842.0,10467.0,1341.0,10094.0,15069.0,18656.0,1116.0,2270.0,11098.0,4738.0,15394.0,5802.0,5521.0,3478.0,6781.0,20863.0,16860.0,5680.0,7493.0,3611.0,22330.0,13868.0,3434.0,18623.0,15392.0,4213.0,0.0,18496.0,10962.0,16843.0,18135.0,19027.0,13602.0,8207.0,5797.0,4552.0,12870.0,20025.0,8466.0,12020.0,8136.0,3671.0,15464.0,22396.0,9032.0,20601.0,12256.0,19558.0,13220.0,2530.0,11770.0,21372.0,20730.0,16509.0,1672.0
Leone,5889.0,3634.0,22035.0,5257.0,30606.0,21515.0,25696.0,2268.0,6999.0,23853.0,27370.0,17155.0,28590.0,3427.0,3079.0,17380.0,19651.0,29080.0,20337.0,29937.0,22844.0,22189.0,15018.0,25277.0,7227.0,5733.0,12816.0,11003.0,14885.0,5833.0,4628.0,15062.0,4302.0,5309.0,18863.0,18496.0,0.0,7534.0,1653.0,2099.0,6252.0,4894.0,26703.0,24293.0,13944.0,5626.0,4402.0,10030.0,30516.0,26174.0,14825.0,3032.0,7586.0,27528.0,5007.0,6240.0,2986.0,31716.0,15966.0,29722.0,5211.0,2843.0,6427.0,20168.0
Malaeimi,3272.0,8576.0,14501.0,11013.0,23073.0,13981.0,18163.0,7303.0,12063.0,16320.0,19837.0,9622.0,21056.0,5450.0,7694.0,9846.0,12117.0,21546.0,12803.0,22404.0,15311.0,14656.0,7484.0,17743.0,9901.0,7796.0,5283.0,3469.0,7352.0,11368.0,2906.0,7528.0,7661.0,4430.0,11329.0,10962.0,7534.0,0.0,5881.0,7173.0,8315.0,2639.0,19170.0,16759.0,6411.0,1907.0,9062.0,2496.0,22982.0,18640.0,7291.0,4501.0,11434.0,19994.0,9639.0,3385.0,8596.0,24182.0,8432.0,22188.0,10410.0,9768.0,5546.0,12634.0
Malaeloa_Aitulagi,4236.0,4442.0,20382.0,6065.0,28954.0,19862.0,24043.0,3076.0,7808.0,22201.0,25718.0,15503.0,26937.0,4195.0,3887.0,15727.0,17998.0,27427.0,18684.0,28284.0,21192.0,20537.0,13365.0,23624.0,8035.0,6542.0,11164.0,9350.0,13233.0,6641.0,2975.0,13409.0,3494.0,4501.0,17210.0,16843.0,1653.0,5881.0,0.0,1292.0,7061.0,3242.0,25051.0,22640.0,12292.0,3974.0,5211.0,8377.0,28863.0,24521.0,13172.0,1960.0,8394.0,25875.0,5816.0,4639.0,2715.0,30063.0,14313.0,28069.0,6020.0,3887.0,5618.0,18515.0
Malaeloa_Ituau,5528.0,5732.0,21674.0,7355.0,30246.0,21154.0,25335.0,4367.0,9098.0,23492.0,27009.0,16795.0,28229.0,5485.0,5178.0,17019.0,19290.0,28719.0,19976.0,29576.0,22483.0,21829.0,14657.0,24916.0,9326.0,7832.0,12455.0,10642.0,14524.0,7931.0,4267.0,14701.0,2204.0,3210.0,18502.0,18135.0,2099.0,7173.0,1292.0,0.0,8351.0,4533.0,26343.0,23932.0,13583.0,5266.0,6501.0,9669.0,30155.0,25813.0,14464.0,2671.0,9684.0,27167.0,7106.0,5879.0,1423.0,31355.0,15605.0,29361.0,7310.0,2595.0,4328.0,19807.0
Maloata,6420.0,2619.0,22566.0,2948.0,31138.0,22046.0,26228.0,3984.0,3998.0,24385.0,27902.0,17687.0,29121.0,3958.0,3173.0,17911.0,20182.0,29611.0,20868.0,30469.0,23376.0,22721.0,15549.0,25808.0,1836.0,2167.0,13348.0,11534.0,15417.0,3303.0,9378.0,15593.0,10555.0,11561.0,19394.0,19027.0,6252.0,8315.0,7061.0,8351.0,0.0,7504.0,27235.0,24824.0,14476.0,8520.0,1850.0,10561.0,31047.0,26705.0,15356.0,9021.0,3369.0,28059.0,1574.0,11700.0,9238.0,32247.0,16497.0,30253.0,2345.0,9095.0,12679.0,20699.0
Mapusagafou,2461.0,5937.0,17141.0,8374.0,25712.0,16620.0,20802.0,4663.0,9424.0,18959.0,22476.0,12261.0,23695.0,4638.0,5054.0,12486.0,14757.0,24186.0,15442.0,25043.0,17950.0,17295.0,10124.0,20383.0,8478.0,6985.0,7922.0,6108.0,9991.0,8728.0,1874.0,10168.0,5021.0,4058.0,13968.0,13602.0,4894.0,2639.0,3242.0,4533.0,7504.0,0.0,21809.0,19399.0,9050.0,1016.0,6423.0,5135.0,25622.0,21279.0,9931.0,1862.0,8837.0,22633.0,7000.0,4196.0,5956.0,26821.0,11071.0,24828.0,7770.0,7129.0,5175.0,15274.0
Masausi,20815.0,27746.0,4669.0,30183.0,4586.0,5189.0,2626.0,26472.0,31233.0,2850.0,3674.0,9548.0,2774.0,23277.0,26863.0,9323.0,7053.0,4305.0,6367.0,8601.0,3859.0,4514.0,11686.0,1426.0,29070.0,25068.0,13887.0,15701.0,11818.0,30537.0,22076.0,11642.0,26831.0,23600.0,7841.0,8207.0,26703.0,19170.0,25051.0,26343.0,27235.0,21809.0,0.0,2533.0,12759.0,21077.0,28232.0,16674.0,3813.0,1343.0,11879.0,23671.0,30604.0,1327.0,28809.0,20463.0,27765.0,5012.0,10738.0,4977.0,29580.0,28938.0,24716.0,7849.0
Masefau,18404.0,25336.0,2258.0,27773.0,7119.0,2778.0,5159.0,24062.0,28823.0,1582.0,6207.0,7138.0,5308.0,20866.0,24453.0,6913.0,4642.0,6838.0,3956.0,11134.0,1542.0,2103.0,9275.0,2488.0,26660.0,22657.0,11477.0,13290.0,9408.0,28127.0,19665.0,9231.0,24420.0,21189.0,5430.0,5797.0,24293.0,16759.0,22640.0,23932.0,24824.0,19399.0,2533.0,0.0,10349.0,18667.0,25822.0,14263.0,6223.0,3876.0,9468.0,21261.0,28193.0,3860.0,26398.0,18053.0,25355.0,7423.0,8327.0,7510.0,27169.0,26527.0,22306.0,5315.0
Matuu,8055.0,14987.0,8091.0,17424.0,16662.0,7571.0,11752.0,13713.0,18474.0,9909.0,13426.0,3211.0,14646.0,10517.0,14104.0,3436.0,5707.0,15136.0,6393.0,15993.0,8900.0,8245.0,1074.0,11333.0,16311.0,12308.0,1128.0,4650.0,1741.0,17778.0,9316.0,1252.0,14071.0,10841.0,4919.0,4552.0,13944.0,6411.0,12292.0,13583.0,14476.0,9050.0,12759.0,10349.0,0.0,8318.0,15473.0,3914.0,16572.0,12229.0,3957.0,10912.0,17845.0,13584.0,16050.0,7704.0,15006.0,17771.0,2021.0,15778.0,16820.0,16179.0,11957.0,6224.0
Mesepa,3477.0,6669.0,16408.0,9106.0,24980.0,15888.0,20070.0,5395.0,10156.0,18227.0,21744.0,11529.0,22963.0,5655.0,5786.0,11754.0,14024.0,23454.0,14710.0,24311.0,17218.0,16563.0,9391.0,19651.0,9495.0,8001.0,7190.0,5376.0,9259.0,9460.0,999.0,9435.0,5754.0,3041.0,13236.0,12870.0,5626.0,1907.0,3974.0,5266.0,8520.0,1016.0,21077.0,18667.0,8318.0,0.0,7155.0,4403.0,24890.0,20547.0,9198.0,2594.0,9854.0,21901.0,7732.0,3180.0,6688.0,26089.0,10339.0,24095.0,8503.0,7861.0,4159.0,14541.0
Nua,7418.0,769.0,23564.0,1951.0,32135.0,23044.0,27225.0,2134.0,3001.0,25382.0,28899.0,18684.0,30119.0,4956.0,1369.0,18909.0,21180.0,30609.0,21866.0,31466.0,24373.0,23718.0,16547.0,26806.0,2825.0,3165.0,14345.0,12531.0,16414.0,2305.0,7528.0,16591.0,8705.0,9711.0,20392.0,20025.0,4402.0,9062.0,5211.0,6501.0,1850.0,6423.0,28232.0,25822.0,15473.0,7155.0,0.0,11559.0,32045.0,27702.0,16354.0,7171.0,3183.0,29057.0,605.0,9850.0,7388.0,33244.0,17495.0,31251.0,1347.0,7246.0,10829.0,21697.0
Nuuuli,5342.0,11073.0,12005.0,13510.0,20577.0,11485.0,15666.0,9799.0,14560.0,13823.0,17341.0,7126.0,18560.0,7520.0,10190.0,7350.0,9621.0,19050.0,10307.0,19907.0,12814.0,12160.0,4988.0,15247.0,12397.0,9866.0,2787.0,3337.0,4856.0,13864.0,5402.0,5032.0,10157.0,6926.0,8833.0,8466.0,10030.0,2496.0,8377.0,9669.0,10561.0,5135.0,16674.0,14263.0,3914.0,4403.0,11559.0,0.0,20486.0,16144.0,4795.0,6997.0,13930.0,17498.0,12135.0,3790.0,11092.0,21686.0,5936.0,19692.0,12906.0,12264.0,8042.0,10138.0
Onenoa,24627.0,31559.0,8481.0,33996.0,2002.0,9001.0,4820.0,30285.0,35046.0,6663.0,3146.0,13361.0,1926.0,27089.0,30676.0,13136.0,10865.0,1721.0,10179.0,6016.0,7672.0,8327.0,15498.0,5239.0,32883.0,28880.0,17700.0,19513.0,15631.0,34350.0,25888.0,15454.0,30643.0,27412.0,11653.0,12020.0,30516.0,22982.0,28863.0,30155.0,31047.0,25622.0,3813.0,6223.0,16572.0,24890.0,32045.0,20486.0,0.0,4342.0,15691.0,27484.0,34416.0,2988.0,32621.0,24276.0,31578.0,1200.0,14550.0,2392.0,33392.0,32750.0,28529.0,10433.0
Pagai,20285.0,27216.0,5893.0,29653.0,4433.0,4659.0,1283.0,25942.0,30703.0,2320.0,2331.0,9018.0,2416.0,22747.0,26333.0,8794.0,6523.0,2962.0,5837.0,7258.0,3329.0,3984.0,11156.0,1388.0,28541.0,24538.0,13357.0,15171.0,11288.0,30008.0,21546.0,11112.0,26301.0,23070.0,7311.0,8136.0,26174.0,18640.0,24521.0,25813.0,26705.0,21279.0,1343.0,3876.0,12229.0,20547.0,27702.0,16144.0,4342.0,0.0,11349.0,23141.0,30074.0,1354.0,28279.0,19933.0,27236.0,5542.0,10208.0,3634.0,29050.0,28408.0,24186.0,9191.0
Pago,8936.0,15868.0,7210.0,18305.0,15782.0,7051.0,11365.0,14594.0,19355.0,9028.0,12545.0,2331.0,13765.0,11398.0,14985.0,2555.0,4826.0,14255.0,6684.0,17339.0,8019.0,7466.0,3807.0,10452.0,17192.0,13189.0,3599.0,3822.0,2216.0,18659.0,10197.0,5209.0,14952.0,11721.0,6158.0,3671.0,14825.0,7291.0,13172.0,14464.0,15356.0,9931.0,11879.0,9468.0,3957.0,9198.0,16354.0,4795.0,15691.0,11349.0,0.0,11793.0,18725.0,12703.0,16930.0,8585.0,15887.0,16891.0,3262.0,14897.0,17701.0,17059.0,12837.0,5343.0
Pavaiai,3978.0,6402.0,19003.0,8025.0,27574.0,18482.0,22664.0,5036.0,9768.0,20821.0,24338.0,14123.0,25557.0,6155.0,5847.0,14348.0,16619.0,26048.0,17304.0,26905.0,19812.0,19157.0,11985.0,22245.0,9995.0,8501.0,9784.0,7970.0,11853.0,8601.0,1595.0,12030.0,3160.0,2541.0,15830.0,15464.0,3032.0,4501.0,1960.0,2671.0,9021.0,1862.0,23671.0,21261.0,10912.0,2594.0,7171.0,6997.0,27484.0,23141.0,11793.0,0.0,10354.0,24495.0,7776.0,3208.0,4094.0,28683.0,12933.0,26689.0,7980.0,5267.0,3658.0,17135.0
Poloa,9789.0,3952.0,25935.0,2329.0,34507.0,25415.0,29597.0,5318.0,629.0,27754.0,31271.0,21056.0,32490.0,7327.0,4507.0,21280.0,23551.0,32980.0,24237.0,33838.0,26745.0,26090.0,18918.0,29177.0,1533.0,5536.0,16717.0,14903.0,18786.0,1753.0,10711.0,18962.0,11888.0,12895.0,22763.0,22396.0,7586.0,11434.0,8394.0,9684.0,3369.0,8837.0,30604.0,28193.0,17845.0,9854.0,3183.0,13930.0,34416.0,30074.0,18725.0,10354.0,0.0,31428.0,2579.0,13033.0,10572.0,35616.0,19866.0,33622.0,2374.0,10429.0,14012.0,24068.0
Sailele,21639.0,28571.0,5877.0,31008.0,3259.0,6013.0,1832.0,27297.0,32058.0,3674.0,2346.0,10372.0,1447.0,24101.0,27688.0,10148.0,7877.0,2978.0,7191.0,7273.0,4683.0,5338.0,12510.0,2251.0,29895.0,25892.0,14711.0,16525.0,12642.0,31362.0,22900.0,12466.0,27655.0,24424.0,8665.0,9032.0,27528.0,19994.0,25875.0,27167.0,28059.0,22633.0,1327.0,3860.0,13584.0,21901.0,29057.0,17498.0,2988.0,1354.0,12703.0,24495.0,31428.0,0.0,29633.0,21288.0,28590.0,4188.0,11562.0,3650.0,30404.0,29762.0,25540.0,9176.0
Seetaga,7994.0,1374.0,24140.0,1374.0,32712.0,23620.0,27802.0,2739.0,2424.0,25959.0,29476.0,19261.0,30695.0,5532.0,1945.0,19485.0,21756.0,31185.0,22442.0,32043.0,24950.0,24295.0,17123.0,27382.0,2220.0,3741.0,14922.0,13108.0,16991.0,1729.0,8133.0,17167.0,9310.0,10316.0,20968.0,20601.0,5007.0,9639.0,5816.0,7106.0,1574.0,7000.0,28809.0,26398.0,16050.0,7732.0,605.0,12135.0,32621.0,28279.0,16930.0,7776.0,2579.0,29633.0,0.0,10455.0,7993.0,33821.0,18071.0,31827.0,771.0,7851.0,11434.0,22273.0
Tafuna,6657.0,9081.0,15795.0,10704.0,24366.0,15275.0,19456.0,7715.0,12447.0,17613.0,21130.0,10915.0,22350.0,8834.0,8527.0,11140.0,13411.0,22840.0,14097.0,23697.0,16604.0,15949.0,8778.0,19037.0,12675.0,11181.0,6576.0,4762.0,8645.0,11280.0,2322.0,8822.0,6367.0,3137.0,12623.0,12256.0,6240.0,3385.0,4639.0,5879.0,11700.0,4196.0,20463.0,18053.0,7704.0,3180.0,9850.0,3790.0,24276.0,19933.0,8585.0,3208.0,13033.0,21288.0,10455.0,0.0,7302.0,25475.0,9726.0,23482.0,10659.0,8474.0,4253.0,13928.0
Taputimu,6951.0,6620.0,23097.0,8243.0,31668.0,22577.0,26758.0,5254.0,9985.0,24915.0,28432.0,18217.0,29652.0,6373.0,6065.0,18442.0,20713.0,30142.0,21399.0,30999.0,23906.0,23251.0,16080.0,26339.0,10213.0,8719.0,13878.0,12065.0,15947.0,8819.0,5690.0,16124.0,1316.0,4166.0,19925.0,19558.0,2986.0,8596.0,2715.0,1423.0,9238.0,5956.0,27765.0,25355.0,15006.0,6688.0,7388.0,11092.0,31578.0,27236.0,15887.0,4094.0,10572.0,28590.0,7993.0,7302.0,0.0,32778.0,17028.0,30784.0,8198.0,1172.0,3440.0,21230.0
Tula,25827.0,32758.0,9681.0,35195.0,1148.0,10201.0,6019.0,31484.0,36245.0,7862.0,4345.0,14560.0,3126.0,28289.0,31875.0,14336.0,12065.0,2635.0,11379.0,5162.0,8871.0,9526.0,16698.0,6439.0,34083.0,30080.0,18899.0,20713.0,16830.0,35550.0,27088.0,16654.0,31843.0,28612.0,12853.0,13220.0,31716.0,24182.0,30063.0,31355.0,32247.0,26821.0,5012.0,7423.0,17771.0,26089.0,33244.0,21686.0,1200.0,5542.0,16891.0,28683.0,35616.0,4188.0,33821.0,25475.0,32778.0,0.0,15750.0,1994.0,34592.0,33950.0,29728.0,11548.0
Utulei,10077.0,17009.0,6069.0,19446.0,14641.0,5549.0,9730.0,15735.0,20495.0,7888.0,11405.0,2167.0,12624.0,12539.0,16126.0,1865.0,3685.0,13114.0,4371.0,14077.0,6879.0,6224.0,948.0,9311.0,18333.0,14330.0,3149.0,4963.0,1080.0,19800.0,11338.0,1947.0,16093.0,12862.0,2897.0,2530.0,15966.0,8432.0,14313.0,15605.0,16497.0,11071.0,10738.0,8327.0,2021.0,10339.0,17495.0,5936.0,14550.0,10208.0,3262.0,12933.0,19866.0,11562.0,18071.0,9726.0,17028.0,15750.0,0.0,13756.0,18842.0,18200.0,13978.0,4202.0
Utumea East,23833.0,30765.0,9527.0,33202.0,885.0,8207.0,4026.0,29491.0,34252.0,5928.0,2351.0,12621.0,2202.0,26295.0,29882.0,12342.0,10071.0,672.0,9385.0,3624.0,6878.0,7532.0,14704.0,5022.0,32089.0,28086.0,16906.0,18719.0,14836.0,33556.0,25094.0,14660.0,29849.0,26618.0,10859.0,11770.0,29722.0,22188.0,28069.0,29361.0,30253.0,24828.0,4977.0,7510.0,15778.0,24095.0,31251.0,19692.0,2392.0,3634.0,14897.0,26689.0,33622.0,3650.0,31827.0,23482.0,30784.0,1994.0,13756.0,0.0,32598.0,31956.0,27734.0,12825.0
Utumea West,8765.0,1833.0,24911.0,604.0,33483.0,24391.0,28572.0,3107.0,1788.0,26729.0,30246.0,20032.0,31466.0,6303.0,2716.0,20256.0,22527.0,31956.0,23213.0,32813.0,25720.0,25066.0,17894.0,28153.0,2015.0,4512.0,15692.0,13879.0,17761.0,958.0,8337.0,17938.0,9514.0,10521.0,21739.0,21372.0,5211.0,10410.0,6020.0,7310.0,2345.0,7770.0,29580.0,27169.0,16820.0,8503.0,1347.0,12906.0,33392.0,29050.0,17701.0,7980.0,2374.0,30404.0,771.0,10659.0,8198.0,34592.0,18842.0,32598.0,0.0,8055.0,11638.0,23044.0
Vailoatai,8123.0,6477.0,24269.0,8100.0,32841.0,23749.0,27931.0,5111.0,9843.0,26088.0,29605.0,19390.0,30824.0,6230.0,5922.0,19614.0,21885.0,31314.0,22571.0,32172.0,25079.0,24424.0,17252.0,27511.0,10070.0,8576.0,15051.0,13237.0,17120.0,8676.0,6862.0,17296.0,2107.0,5338.0,21097.0,20730.0,2843.0,9768.0,3887.0,2595.0,9095.0,7129.0,28938.0,26527.0,16179.0,7861.0,7246.0,12264.0,32750.0,28408.0,17059.0,5267.0,10429.0,29762.0,7851.0,8474.0,1172.0,33950.0,18200.0,31956.0,8055.0,0.0,4222.0,22402.0
Vaitogi,7636.0,10060.0,20047.0,11683.0,28619.0,19527.0,23709.0,8694.0,13426.0,21866.0,25383.0,15168.0,26602.0,9813.0,9506.0,15393.0,17663.0,27093.0,18349.0,27950.0,20857.0,20202.0,13030.0,23290.0,13654.0,12160.0,10829.0,9015.0,12898.0,12259.0,3301.0,13074.0,2124.0,1118.0,16875.0,16509.0,6427.0,5546.0,5618.0,4328.0,12679.0,5175.0,24716.0,22306.0,11957.0,4159.0,10829.0,8042.0,28529.0,24186.0,12837.0,3658.0,14012.0,25540.0,11434.0,4253.0,3440.0,29728.0,13978.0,27734.0,11638.0,4222.0,0.0,18180.0
Vatia,14279.0,21211.0,3299.0,23648.0,12435.0,6161.0,10475.0,19937.0,24698.0,6898.0,11522.0,3012.0,10623.0,16741.0,20328.0,2788.0,3326.0,12154.0,5794.0,16449.0,6858.0,6576.0,5150.0,7803.0,22535.0,18532.0,7352.0,9165.0,5282.0,24002.0,15540.0,5106.0,20295.0,17064.0,5269.0,1672.0,20168.0,12634.0,18515.0,19807.0,20699.0,15274.0,7849.0,5315.0,6224.0,14541.0,21697.0,10138.0,10433.0,9191.0,5343.0,17135.0,24068.0,9176.0,22273.0,13928.0,21230.0,11548.0,4202.0,12825.0,23044.0,22402.0,18180.0,0.0
