Name,A,B,C,D,E,F,G,H,I ,J
A,0,150,250,350,450,550,650,750,850,950
B,150,0,150,250,350,450,550,650,750,850
C,250,150,0,150,250,350,450,550,650,750
D,350,250,150,0,150,250,350,450,550,650
E,450,350,250,150,0,150,250,350,450,550
F,550,450,350,250,150,0,150,250,350,450
G,650,550,450,350,250,150,0,150,250,350
H,750,650,550,450,350,250,150,0,150,250
I,850,750,650,550,450,350,250,150,0,150
J,950,850,750,650,550,450,350,250,150,0
